2.50000000E+01
2.60000000E+01
2.70000000E+01
2.80000000E+01
2.90000000E+01
3.00000000E+01
3.10000000E+01
3.20000000E+01
3.30000000E+01
3.40000000E+01
3.50000000E+01
3.60000000E+01
3.70000000E+01
3.80000000E+01
3.90000000E+01
4.00000000E+01
4.10000000E+01
4.20000000E+01
4.30000000E+01
4.40000000E+01
4.50000000E+01
4.60000000E+01
4.70000000E+01
4.80000000E+01
4.90000000E+01

-1.8152907886E+02
-1.8176144823E+02
-1.8192829005E+02
-1.8204235967E+02
-1.8212315380E+02
-1.8217727372E+02
-1.8221225819E+02
-1.8223453456E+02
-1.8224791811E+02
-1.8225638709E+02
-1.8226107721E+02
-1.8226364176E+02
-1.8226494325E+02
-1.8226556194E+02
-1.8226584975E+02
-1.8226595830E+02
-1.8226599366E+02
-1.8226600228E+02
-1.8226600485E+02
-1.8226600815E+02
-1.8226601273E+02
-1.8226601764E+02
-1.8226602173E+02
-1.8226602478E+02
-1.8226602692E+02
